FirstNSentencesSummarizor
recall = [0.23535, 0.12721, 0.09514, 0.08013]
precision = [0.34924, 0.19044, 0.14376, 0.12225]
F = [0.28119, 0.15253, 0.1145, 0.0968]
