uper not num
recall = [0.95526, 0.89094, 0.83991]
precision = [0.70001, 0.64971, 0.60943]
F = [0.80795, 0.75144, 0.70633]
uper not num
recall = [0.95526, 0.89094, 0.83991, 0.79549]
precision = [0.70001, 0.64971, 0.60943, 0.5742]
F = [0.80795, 0.75144, 0.70633, 0.66696]
